Levenshtein table after operation counting: 
--  -  -  -  -  -  -  -  -  -  --  --  --  --  --  --  --  --  --  --  --
 0  1  2  3  4  5  6  7  8  9  10  11  12  13  14  15  16  17  18  19  20
 1  0  1  1  2  2  3  4  5  6   7   8   9  10  10  11  12  13  14  15  16
 2  0  0  0  1  1  2  3  4  5   6   7   8   9   9  10  11  12  13  14  15
 3  0  1  0  1  1  2  3  4  5   6   7   8   9   9  10  11  12  13  14  15
 4  0  1  0  0  0  1  2  3  4   5   6   7   8   8   9  10  11  12  13  14
 5  0  1  0  1  0  1  2  3  4   5   6   7   8   8   9  10  11  12  13  14
 6  0  1  0  1  0  0  1  2  3   4   5   6   7   7   8   9  10  11  12  13
 7  0  1  0  1  0  1  0  1  2   3   4   5   6   6   7   8   9  10  11  12
 8  0  1  0  1  0  1  1  0  1   2   3   4   5   5   6   7   8   9  10  11
 9  0  1  0  1  0  1  2  1  0   1   2   3   4   4   5   6   7   8   9  10
10  0  1  0  1  0  1  2  2  1   1   2   3   4   4   5   6   7   8   9  10
11  0  1  0  1  0  1  2  3  2   2   2   3   4   4   5   6   7   8   9  10
12  0  1  0  1  0  1  2  3  3   3   3   3   3   3   4   5   6   7   8   9
13  0  1  0  1  0  1  2  3  4   4   4   4   4   3   4   5   6   7   8   9
14  0  1  0  1  0  1  2  3  4   5   5   5   5   3   3   4   5   6   7   8
15  0  1  0  1  0  1  2  3  4   5   6   6   6   3   4   4   4   5   6   7
16  0  1  0  1  0  1  2  3  4   5   6   7   7   3   4   5   5   5   6   7
17  0  1  0  1  0  1  2  3  4   5   6   7   8   3   4   5   6   5   6   7
18  0  1  0  1  0  1  2  3  4   5   6   7   8   3   4   5   6   6   5   6
--  -  -  -  -  -  -  -  -  -  --  --  --  --  --  --  --  --  --  --  --
Levenshtein Distance: 6.0
Number of Deletions: 3
Number of Substitutions: 2
Number of Insertions: 1
